00000000000000000000000000000000
00000000000000000000000000000001
00000000000000000000000001101110
00000000000000000000000000000001
00000000000000000000000001011100
00000000000000000000000000000001
00000000000000000000000000101000
00000000000000000000000000000000
00000000000000000000000000000000
00000000000000000000000000000001
00000000000000000000000000100000
00000000000000000000000000000001
00000000000000000000000001110011
00000000000000000000000000000001
00000000000000000000000001101001
00000000000000000000000000000001
00000000000000000000000000100000
00000000000000000000000000000001
00000000000000000000000001100001
00000000000000000000000000000001
00000000000000000000000000100000
00000000000000000000000000000001
00000000000000000000000001100110
00000000000000000000000000000001
00000000000000000000000001101111
00000000000000000000000000000001
00000000000000000000000000100000
00000000000000000000000000000001
00000000000000000000000001100101
00000000000000000000000000000001
00000000000000000000000001110101
00000000000000000000000000000001
00000000000000000000000001101100
00000000000000000000000000000001
00000000000000000000000001100001
00000000000000000000000000000001
00000000000000000000000001010110
00000000000000000000000000000001
00000000000000000000000000101000
00000000000000000000000000010100
00000000000000000000000000101000
11111111111111111101110111000000
11111111111111111101110111100000
00000000000000000000101010010110
11111111111111111101101111000000
